0.042191 0.783317
0.390296 0.499816
0.666260 0.752352
0.369388 0.827540
0.196858 0.784460
0.972447 0.184467
0.761545 0.622944
0.257585 0.436938
0.458838 0.569394
0.817388 0.635645
0.958454 0.324192
0.403121 0.700930
0.536564 0.118379
0.043403 0.869702
0.768734 0.597130
0.185202 0.657624
0.471418 0.072287
0.393832 0.513152
0.382249 0.699907
0.188608 0.044041
0.500074 0.858467
0.662165 0.682336
0.967572 0.504387
0.633946 0.920437
0.872454 0.563735
0.222174 0.798690
0.367673 0.482449
0.883648 0.154059
0.066732 0.902161
0.167004 0.249780
0.757079 0.054663
0.652619 0.797498
0.092765 0.875292
0.811109 0.056257
0.076934 0.023983
0.802444 0.646784
0.825383 0.972476
0.558951 0.954891
0.314362 0.067118
0.848056 0.514395
0.558918 0.008951
0.394366 0.557833
0.942528 0.506241
0.555773 0.002317
0.224406 0.949333
0.494503 0.498268
0.087815 0.833684
0.261618 0.810327
0.960839 0.314182
0.722239 0.722619
0.240519 0.712283
0.788808 0.864649
0.981901 0.017293
0.000985 0.339440
0.575466 0.424026
0.093344 0.802140
0.929574 0.731364
0.825777 0.685182
0.198964 0.989659
0.016593 0.595160
0.156031 0.129704
0.414570 0.516963
0.888486 0.431911
0.773761 0.352286
0.625215 0.601634
0.253633 0.492509
0.141501 0.904983
0.057188 0.580023
0.375521 0.289243
0.040955 0.347429
0.599852 0.662980
0.883344 0.440672
0.734973 0.543139
0.281567 0.429964
0.166088 0.089909
0.562453 0.791510
0.730315 0.144876
0.038690 0.503377
0.378164 0.263934
0.419639 0.040430
0.381414 0.893689
0.594604 0.976149
0.858900 0.778516
0.146502 0.103214
0.822386 0.405213
0.025165 0.970108
0.906624 0.793116
0.912040 0.997580
0.440849 0.219825
0.941850 0.886682
0.543386 0.536099
0.611805 0.859166
0.476706 0.568280
0.905259 0.381409
0.587168 0.732509
0.884221 0.414609
0.771878 0.392287
0.263965 0.906869
0.564479 0.679364
0.772950 0.196867
